0 100 360
3 30 430
3 60 430
3 90 430
3 120 430
3 150 430
3 180 430
3 210 430
3 240 430
3 270 430
3 300 430
3 330 430
3 360 430
4 390 400 61
3 390 430
3 420 430
3 450 430
3 480 430
3 510 430
1 510 310  
1 540 220
2 540 310 31
1 570 310 
2 570 220 33
65 510 400
65 660 400
1 600 220
2 600 310 31
1 630 310 
3 540 430
3 570 430
3 600 430
3 630 430
3 660 430
3 690 430
3 720 430
3 750 430
4 780 400 61
3 780 430
3 810 430
3 840 430
3 870 430
3 900 430
3 930 430
1 990 310
1 1020 310
1 1020 220
31 1020 190
62 2700 130 0
1 1050 220
31 1050 190
1 1050 310
1 1080 310
3 1140 430
3 1170 430
1 1230 310
1 1260 310
2 1260 220 32
1 1290 310
3 1350 430
3 1380 430
1 1440 310
1 1470 310
1 1500 310
31 1470 190
1 1470 220
1 1500 220
31 1500 190
1 1530 310
3 1590 430
3 1620 430
5 1650 400
3 1650 430
3 1680 430
3 1710 430
1 1710 310
3 1740 430
1 1740 310
64 1740 400
3 1770 430
1 1770 310
3 1800 430
3 1830 430
1 1830 220
31 1860 190
3 1860 430
1 1860 220
4 1860 400
3 1890 430
2 1890 100 31
3 1920 430
1 1920 100
31 1920 70
3 1950 430
2 1950 100 31
31 1980 190
3 1980 430
1 1980 220
4 1980 400
3 2010 430
1 2010 220
3 2040 430
3 2070 430
1 2070 310
3 2100 430
1 2100 310
64 2100 400
3 2130 430
1 2130 310
3 2160 430
3 2190 430
5 2190 400
3 2220 430
3 2250 430
1 2310 280
31 2310 250
1 2340 280
31 2340 250
3 2400 430
3 2430 430
3 2460 430
4 2460 400
3 2490 430
3 2520 430
1 2520 280
31 2520 250
64 2520 400 
3 2550 430
1 2550 280
31 2550 250
3 2580 430
3 2610 430
3 2640 430
1 2640 280
31 2640 250
64 2640 400
3 2670 430
1 2670 280
31 2670 250
3 2700 430
4 2700 400
3 2730 430
3 2760 430
3 2790 430
1 2790 400
3 2820 430
1 2820 400
1 2820 370
3 2850 430
1 2850 400
1 2850 370
1 2850 340
3 2880 430
1 2880 400
1 2880 370
1 2880 340
1 2880 310
3 2910 430
1 2910 400
1 2910 370
1 2910 340
1 2910 310
1 2910 280
3 2940 430
3 2970 430
3 3000 430
3 3030 430
3 3060 430
3 3090 430
3 3120 430
3 3150 430
3 3180 430
3 3210 430
3 3240 430
3 3270 430
3 3300 430
3 3330 430
6 0 490
6 30 490
6 60 490
6 90 490
6 120 490
6 150 490
6 180 490
6 210 490
6 240 490
6 270 490
6 300 490
6 330 490
6 360 490
6 390 490
6 420 490
6 450 490
6 480 490
6 510 490
6 540 490
6 570 490
6 600 490
6 630 490
6 660 490
6 690 490
6 720 490
6 750 490
6 780 490
6 810 490
6 840 490
6 870 490
6 900 490
6 930 490
6 960 490
6 990 490
6 1020 490
6 1050 490
6 1080 490
6 1110 490
6 1140 490
6 1170 490
6 1200 490
6 1230 490
6 1260 490
6 1290 490
6 1320 490
6 1350 490
6 1380 490
6 1410 490
6 1440 490
6 1470 490
6 1500 490
6 1530 490
6 1560 490
6 1590 490
6 1620 490
6 1650 490
6 1680 490
6 1710 490
6 1740 490
6 1770 490
6 1800 490
6 1830 490
6 1860 490
6 1890 490
6 1920 490
6 1950 490
6 1980 490
6 2010 490
6 2040 490
6 2070 490
6 2100 490
6 2130 490
6 2160 490
6 2190 490
6 2220 490
6 2250 490
6 2280 490
6 2310 490
6 2340 490
6 2370 490
6 2400 490
6 2430 490
6 2460 490
6 2490 490
6 2520 490
6 2550 490
6 2580 490
6 2610 490
6 2640 490
6 2670 490
6 2700 490
6 2730 490
6 2760 490
6 2790 490
6 2820 490
6 2850 490
6 2880 490
6 2910 490
6 2940 490
6 2970 490
6 3000 490
6 3030 490
6 3060 490
6 3090 490
6 3120 490
6 3150 490
6 3180 490
6 3210 490
6 3240 490
6 3270 490
6 3300 490
6 3330 490
6 3360 490
6 3390 490
6 3420 490
6 3450 490
6 3480 490
6 3510 490