0 40 395
3 0 430
3 30 430
3 60 430
3 90 430
3 120 430
3 150 430
3 180 430
3 210 430
3 240 430
3 270 430
3 300 430
3 330 430
3 360 430
3 390 430
3 420 430
3 450 430
3 480 430
3 510 430
3 540 430
3 570 430
3 600 430
3 630 430
3 660 430
3 690 430
3 720 430
3 750 430
3 780 430
3 810 430
3 840 430
3 870 430
3 900 430
3 930 430
3 960 430
3 990 430
3 1020 430
3 1050 430
3 1080 430
3 1110 430
3 1500 430
3 1530 430
3 1560 430
3 1590 430
3 1620 430
3 1650 430
3 1680 430
3 1710 430
3 1740 430
3 1770 430
3 1800 430
3 1830 430
3 1860 430
3 1890 430
3 1920 430
3 1950 430
3 1980 430
3 2010 430
3 2040 430
3 2070 430
3 2100 430
3 2130 430
3 2160 430
3 2190 430
3 2220 430
3 2250 430
3 2280 430
3 2310 430
3 2340 430
3 2370 430
3 2790 430
3 2820 430
3 2850 430
3 2880 430
3 2910 430
3 2940 430
3 2970 430
3 3000 430
3 3030 430
3 3060 430
3 3090 430
3 3120 430
3 3150 430
3 3180 430
3 3210 430
3 3240 430
3 3270 430
3 3300 430
3 3330 430
1 180 310
2 210 310 33
1 240 310
5 390 400
61 390 400
66 510 400
5 630 400
61 630 400
65 750 400
5 870 400
3 1170 310
3 1200 310
3 1230 310
3 1260 310
3 1290 310
3 1320 310
3 1350 310
3 1380 310
3 1410 310
3 1440 310
3 1200 190
2 1230 190 35
3 1260 190
3 1290 190
3 1320 190
3 1350 190
2 1380 190 32
3 1410 190
7 1620 400
7 1620 370
31 1620 340
64 1680 390
7 1800 400
7 1800 370
31 1800 340
64 1860 390
7 1980 400
7 1980 370
31 1980 340
64 2070 390
7 2160 400
7 2160 370
31 2160 340
7 2430 340
7 2490 310
7 2520 310
7 2580 280
7 2580 250
7 2610 220
7 2640 220
7 2760 160
7 2760 190
7 2760 220
7 2790 220
6 0 490
6 30 490
6 60 490
6 90 490
6 120 490
6 150 490
6 180 490
6 210 490
6 240 490
6 270 490
6 300 490
6 330 490
6 360 490
6 390 490
6 420 490
6 450 490
6 480 490
6 510 490
6 540 490
6 570 490
6 600 490
6 630 490
6 660 490
6 690 490
6 720 490
6 750 490
6 780 490
6 810 490
6 840 490
6 870 490
6 900 490
6 930 490
6 960 490
6 990 490
6 1020 490
6 1050 490
6 1080 490
6 1110 490
6 1140 490
6 1170 490
6 1200 490
6 1230 490
6 1260 490
6 1290 490
6 1320 490
6 1350 490
6 1380 490
6 1410 490
6 1440 490
6 1470 490
6 1500 490
6 1530 490
6 1560 490
6 1590 490
6 1620 490
6 1650 490
6 1680 490
6 1710 490
6 1740 490
6 1770 490
6 1800 490
6 1830 490
6 1860 490
6 1890 490
6 1920 490
6 1950 490
6 1980 490
6 2010 490
6 2040 490
6 2070 490
6 2100 490
6 2130 490
6 2160 490
6 2190 490
6 2220 490
6 2250 490
6 2280 490
6 2310 490
6 2340 490
6 2370 490
6 2400 490
6 2430 490
6 2460 490
6 2490 490
6 2520 490
6 2550 490
6 2580 490
6 2610 490
6 2640 490
6 2670 490
6 2700 490
6 2730 490
6 2760 490
6 2790 490
6 2820 490
6 2850 490
6 2880 490
6 2910 490
6 2940 490
6 2970 490
6 3000 490
6 3030 490
6 3060 490
6 3090 490
6 3120 490
6 3150 490
6 3180 490
6 3210 490
6 3240 490
6 3270 490
6 3300 490
6 3330 490
6 3360 490
6 3390 490
6 3420 490
6 3450 490
6 3480 490
6 3510 490
