0 100 360
3 30 430
3 60 430
3 90 430
3 120 430
3 150 430
3 180 430
3 210 430
3 240 430
3 270 430
3 300 430
3 330 430
3 360 430
3 390 430
3 420 430
3 450 430
3 480 430
3 510 430
3 540 430
3 570 430
3 600 430
3 630 430
3 660 430
3 690 430
3 720 430
3 750 430
3 780 430
3 810 430
3 840 430
3 870 430
3 900 430
3 930 430
3 960 430
3 990 430
3 1020 430
3 1050 430
3 1080 430
3 1110 430
3 1140 430
3 1350 430
3 1380 430
3 1410 430
3 1440 430
3 1470 430
3 1500 430
3 1530 430
3 1560 430
3 1590 430
3 1620 430
3 1650 430
3 1680 430
3 1710 430
3 1740 430
3 1770 430
3 1800 430
3 1830 430
3 1860 430
3 1890 430
3 1920 430
3 1950 430
3 1980 430
3 2010 430
3 2040 430
3 2070 430
3 2100 430
3 2220 430
3 2250 430
3 2280 430
3 2400 430
3 2430 430
3 2460 430
3 2490 430
3 2520 430
3 2550 430
3 2580 430
3 2610 430
3 2640 430
3 2670 430
3 2700 430
3 2730 430
3 2760 430
3 2790 430
3 2820 430
3 2850 430
3 2880 430
3 2910 430
3 2940 430
3 2970 430
3 3000 430
3 3030 430
3 3060 430
3 3090 430
3 3120 430
3 3150 430
3 3180 430
3 3210 430
3 3240 430
3 3270 430
3 3300 430
3 3330 430