0 40 300
3 0 430
3 30 430
3 60 430
3 90 430
3 120 430
3 150 430
3 180 430
3 210 430
3 240 430
3 270 430
3 300 430
3 330 430
3 360 430
3 390 430
3 420 430
3 450 430
3 480 430
3 510 430
3 540 430
3 570 430
3 600 430
3 630 430
3 660 430
3 690 430
3 720 430
3 750 430
3 780 430
3 810 430
3 840 430
3 870 430
3 900 430
3 930 430
3 960 430
3 990 430
3 1020 430
3 1050 430
3 1080 430
3 1110 430
3 1500 430
3 1530 430
3 1560 430
3 1590 430
3 1620 430
3 1650 430
3 1680 430
3 1710 430
3 1740 430
3 1770 430
3 1800 430
3 1830 430
3 1860 430
3 1890 430
3 1920 430
3 1950 430
3 1980 430
3 2010 430
3 2040 430
3 2070 430
3 2100 430
3 2130 430
3 2160 430
3 2190 430
3 2220 430
3 2250 430
3 2280 430
3 2310 430
3 2340 430
3 2370 430
3 2790 430
3 2820 430
3 2850 430
3 2880 430
3 2910 430
3 2940 430
3 2970 430
3 3000 430
3 3030 430
3 3060 430
3 3090 430
3 3120 430
3 3150 430
3 3180 430
3 3210 430
3 3240 430
3 3270 430
3 3300 430
3 3330 430
1 180 310
2 210 310 33
1 240 310
5 390 400
65 510 400
5 630 400
65 750 400
5 870 400
3 1170 310
3 1200 310
3 1230 310
3 1260 310
3 1290 310
3 1320 310
3 1350 310
3 1380 310
3 1410 310
3 1440 310
3 1200 190
2 1230 190 35
3 1260 190
3 1290 190
3 1320 190
3 1350 190
2 1380 190 32
3 1410 190
7 1620 400
7 1620 370
31 1620 340
64 1680 390
7 1800 400
7 1800 370
31 1800 340
64 1860 390
7 1980 400
7 1980 370
31 1980 340
64 2070 390
7 2160 400
7 2160 370
31 2160 340
7 2430 340
7 2490 310
7 2520 310
7 2580 280
7 2580 250
7 2610 220
7 2640 220
7 2760 160
7 2760 190
7 2760 220
7 2790 220