0 40 300
34 90 395
3 0 430
33 240 400
66 900 390 
3 30 430
3 60 430
3 90 430
3 120 430
3 150 430
3 180 430
3 210 430
3 240 430
3 270 430
3 300 430
3 330 430
3 360 430
3 390 430
3 420 430
3 450 430
3 480 430
3 510 430
3 540 430
3 570 430
3 600 430
3 630 430
3 660 430
3 690 430
3 720 430
3 750 430
3 780 430
3 810 430
3 840 430
3 870 430
31 870 400
31 900 400
31 930 400
31 1440 400
31 1470 400
31 1500 400
3 900 430
3 930 430
3 960 430
3 990 430
3 1020 430
3 1050 430
3 1080 430
3 1110 430
3 1140 430
3 1350 430
3 1380 430
3 1410 430
3 1440 430
3 1470 430
3 1500 430
3 1530 430
3 1560 430
3 1590 430
3 1620 430
3 1650 430
3 1680 430
3 1710 430
3 1740 430
3 1770 430
3 1800 430
3 1830 430
3 1860 430
3 1890 430
3 1920 430
3 1950 430
3 1980 430
3 2010 430
3 2040 430
3 2070 430
3 2100 430
3 2220 430
3 2250 430
3 2280 430
3 2400 430
3 2430 430
3 2460 430
3 2490 430
3 2520 430
3 2550 430
3 2580 430
3 2610 430
3 2640 430
3 2670 430
3 2700 430
3 2730 430
3 2760 430
3 2790 430
3 2820 430
3 2850 430
3 2880 430
3 2910 430
3 2940 430
3 2970 430
3 3000 430
3 3030 430
3 3060 430
3 3090 430
3 3120 430
3 3150 430
3 3180 430
3 3210 430
3 3240 430
3 3270 430
3 3300 430
3 3330 430
3 0 400
3 30 400
3 60 400
3 90 400
3 120 400
3 150 400
3 180 400
3 0 370
3 30 370
3 60 370
3 90 370
3 120 370
3 150 370
3 0 340
3 30 340
3 60 340
3 90 340
3 120 340
1 510 310
1 540 310
2 570 310 33
1 600 310
1 630 310
1 540 220
2 570 220 35
1 600 220
3 1050 400
3 1080 400
3 1110 400
3 1140 400
3 1080 370
3 1110 370
3 1140 370
3 1110 340
3 1140 340
3 1140 310
4 1620 400
61 1620 400
4 2040 400
61 2040 400
2 1830 310 31
1 1860 310
1 1890 310
1 1800 310
1 1770 310
5 2460 400
1 2550 310
2 2580 310 34
1 2610 310
5 2700 400
3 2820 400
3 2850 400
3 2880 400
3 2910 400
3 2850 370
3 2880 370
3 2910 370
3 2880 340
3 2910 340
3 2910 310
3 2940 400
3 2940 370
3 2940 340
3 2940 310
3 2940 280
2 2250 310 31	
65 2640 390
65 2520 390
6 0 490
6 30 490
6 60 490
6 90 490
6 120 490
6 150 490
6 180 490
6 210 490
6 240 490
6 270 490
6 300 490
6 330 490
6 360 490
6 390 490
6 420 490
6 450 490
6 480 490
6 510 490
6 540 490
6 570 490
6 600 490
6 630 490
6 660 490
6 690 490
6 720 490
6 750 490
6 780 490
6 810 490
6 840 490
6 870 490
6 900 490
6 930 490
6 960 490
6 990 490
6 1020 490
6 1050 490
6 1080 490
6 1110 490
6 1140 490
6 1170 490
6 1200 490
6 1230 490
6 1260 490
6 1290 490
6 1320 490
6 1350 490
6 1380 490
6 1410 490
6 1440 490
6 1470 490
6 1500 490
6 1530 490
6 1560 490
6 1590 490
6 1620 490
6 1650 490
6 1680 490
6 1710 490
6 1740 490
6 1770 490
6 1800 490
6 1830 490
6 1860 490
6 1890 490
6 1920 490
6 1950 490
6 1980 490
6 2010 490
6 2040 490
6 2070 490
6 2100 490
6 2130 490
6 2160 490
6 2190 490
6 2220 490
6 2250 490
6 2280 490
6 2310 490
6 2340 490
6 2370 490
6 2400 490
6 2430 490
6 2460 490
6 2490 490
6 2520 490
6 2550 490
6 2580 490
6 2610 490
6 2640 490
6 2670 490
6 2700 490
6 2730 490
6 2760 490
6 2790 490
6 2820 490
6 2850 490
6 2880 490
6 2910 490
6 2940 490
6 2970 490
6 3000 490
6 3030 490
6 3060 490
6 3090 490
6 3120 490
6 3150 490
6 3180 490
6 3210 490
6 3240 490
6 3270 490
6 3300 490
6 3330 490
6 3360 490
6 3390 490
6 3420 490
6 3450 490
6 3480 490
6 3510 490